0.927018
0.927017
0.927015
0.927011
0.927007
0.927
0.926993
0.926984
0.926973
0.926961
0.926948
0.926933
0.926917
0.9269
0.926881
0.926861
0.926839
0.926816
0.926791
0.926766
0.926738
0.92671
0.92668
0.926648
0.926615
0.926581
0.926546
0.926508
0.92647
0.92643
0.926389
0.926347
0.926303
0.926257
0.92621
0.926162
0.926113
0.926062
0.92601
0.925956
0.925901
0.925844
0.925786
0.925727
0.925667
0.925604
0.925541
0.925476
0.92541
0.925343
0.925274
0.925203
0.925132
0.925058
0.924984
0.924908
0.924831
0.924752
0.924672
0.924591
0.924508
0.924424
0.924339
0.924252
0.924163
0.924074
0.923983
0.923891
0.923797
0.923702
0.923605
0.923507
0.923408
0.923308
0.923206
0.923102
0.922998
0.922892
0.922784
0.922676
0.922566
0.922454
0.922341
0.922227
0.922112
0.921995
0.921877
0.921757
0.921636
0.921514
0.92139
0.921265
0.921139
0.921011
0.920882
0.920752
0.92062
0.920487
0.920353
0.920217
0.92008
0.919942
0.919802
0.919661
0.919518
0.919375
0.91923
0.919083
0.918935
0.918786
0.918636
0.918484
0.918331
0.918177
0.918021
0.917864
0.917706
0.917547
0.917386
0.917223
0.91706
0.916895
0.916729
0.916562
0.916393
0.916223
0.916051
0.915879
0.915705
0.91553
0.915353
0.915175
0.914996
0.914816
0.914634
0.914451
0.914267
0.914081
0.913894
0.913706
0.913517
0.913326
0.913134
0.912941
0.912746
0.91255
0.912353
0.912155
0.911955
0.911755
0.911552
0.911349
0.911144
0.910939
0.910731
0.910523
0.910313
0.910102
0.90989
0.909677
0.909462
0.909246
0.909029
0.908811
0.908591
0.908371
0.908149
0.907925
0.907701
0.907475
0.907248
0.90702
0.90679
0.90656
0.906328
0.906095
0.905861
0.905625
0.905389
0.905151
0.904912
0.904671
0.90443
0.904187
0.903943
0.903698
0.903452
0.903205
0.902956
0.902706
0.902455
0.902203
0.90195
0.901695
0.901439
0.901182
0.900924
0.900665
0.900405
0.900143
0.899881
0.899617
0.899352
0.899086
0.898818
0.89855
0.89828
0.89801
0.897738
0.897465
0.89719
0.896915
0.896639
0.896361
0.896083
0.895803
0.895522
0.89524
0.894957
0.894672
0.894387
0.894101
0.893813
