 -8.01886
 -4.04503
 -3.92677
 -3.92677
 -3.68046
 -3.68046
 -3.54763
 -3.36514
  -2.7729
 -2.76285
 -2.76285
 -2.69867
 -2.69867
  -2.6747
 -1.89928
 -1.89928
 -1.89492
 -1.87662
 -1.87662
 -1.82861
 -1.12924
 -1.12924
 -1.10268
-0.972503
-0.972503
 -0.89363
-0.420543
-0.169082
-0.169082
 0.141165
 0.141165
 0.254949
 0.412006
  0.50715
  0.50715
 0.752777
  0.79434
  0.79434
 0.831273
 0.831273
  1.00152
  1.63238
  1.63238
  1.73719
  1.73719
      1.8
  1.89448
  1.97739
  2.03547
  2.05871
  2.05871
  2.18841
  2.18841
  2.56931
  2.86398
  2.86398
   2.9341
  2.98245
  2.98245
  3.37841
  3.37841
   3.5653
  5.68173
  5.68563
