0.884034
1.91684
1.81389
1.83579
1.81803
2.18747
1.89616
1.92582
1.81803
2.19754
2.19788
2.24668
1.86127
2.23588
1.91845
1.93941
1.87608
2.234
2.2565
2.23337
2.12608
1.80872
2.19802
2.23809
1.82199
2.21837
2.24711
2.14859
1.79124
2.24221
1.86492
1.78455
1.81351
2.21932
2.21058
2.23759
2.20781
1.89415
2.2704
2.17497
2.14095
1.89555
1.84699
1.86862
2.22398
1.83083
2.25646
2.17112
1.84384
2.18355
2.1627
2.18542
2.20004
1.85911
2.14731
2.21513
1.89063
2.20032
2.1889
2.23481
1.91706
2.20298
1.88504
1.87391
1.84472
2.13526
2.13289
2.22822
2.20719
1.82039
2.19526
2.22107
2.16122
1.87825
1.83438
1.84668
2.22138
1.78042
2.16402
2.12347
2.17782
1.72916
1.82563
1.88446
1.78583
0.884034
1.85719
1.90393
2.15619
1.85943
1.86693
1.84766
2.1961
1.90552
2.22064
2.23822
1.88345
2.16169
2.13199
2.19121
2.24315
1.88241
2.23072
2.22959
2.14179
1.83753
1.79128
1.83066
2.17181
1.85562
2.15725
2.16967
1.87978
2.19851
2.09486
2.1991
2.20833
1.83498
2.16907
2.1786
1.87758
2.1972
2.21886
2.19376
1.78849
2.12831
1.85142
1.92663
1.88551
1.86767
2.16585
1.86653
2.17982
2.21338
2.23549
1.78195
2.15524
2.22644
1.82923
2.14301
2.20098
2.12904
2.21255
1.88709
2.21579
2.19362
1.92145
2.20595
1.88785
1.89289
1.80418
2.25236
2.29937
2.20867
1.84779
2.18448
2.14269
2.22645
2.15789
1.89478
2.20551
2.222
1.86397
2.22149
1.81903
1.82274
1.90134
2.14813
1.82855
1.92455
0.884034
1.87288
1.85263
1.84976
1.83388
2.19474
2.1388
2.18863
1.78434
2.21724
1.80527
1.87394
1.82919
2.23424
2.22334
2.27528
1.81457
2.20624
2.17323
2.11296
2.20586
1.87238
1.91523
1.8764
2.2262
1.83695
2.2781
2.19346
2.17091
1.84038
2.21189
2.16176
1.78722
2.18938
2.22535
2.18378
2.25208
1.82637
2.17508
2.22539
1.86034
2.21041
1.86604
1.77791
1.92424
2.18866
2.24377
2.26387
1.82675
2.21315
2.18711
2.22021
2.19586
1.90066
1.89094
1.84471
2.13474
1.9015
2.21746
2.21322
2.25499
1.91391
2.21391
2.16791
1.88216
2.08768
2.23525
2.23076
2.20883
1.89069
1.91296
1.8786
2.27569
1.86646
2.18042
2.14372
2.23265
1.86985
1.82001
1.954
2.15305
1.80733
1.85791
1.78932
1.80889
0.884034
