    -10.2517
    -10.0547
    -8.69094
    -8.52395
    -8.52395
    -7.24902
    -7.24902
    -7.24902
    -7.24902
    -7.22625
    -7.22625
    -6.99321
    -6.35916
    -6.35916
    -6.14542
    -6.14542
    -6.14542
    -6.14542
    -6.05468
     -5.8071
    -5.69552
    -5.69552
    -5.69552
    -5.69552
    -5.54816
    -5.54816
    -5.54816
    -5.54816
    -4.82843
    -4.82843
    -4.82843
    -4.82843
     -4.7035
     -4.7035
     -4.7035
     -4.7035
    -4.52395
    -4.52395
    -4.39782
    -4.24638
    -4.16478
    -4.16478
    -4.10624
    -4.10624
    -4.10624
    -4.10624
     -3.5999
    -3.53073
    -3.53073
    -3.53073
    -3.53073
    -3.29769
    -3.29769
    -3.22625
    -3.22625
    -3.14278
    -3.14278
    -3.14278
    -3.14278
    -3.00264
    -3.00264
    -3.00264
    -3.00264
    -2.99321
    -2.86709
    -2.86709
    -2.66364
    -2.54552
    -2.54552
    -2.54552
    -2.54552
    -2.40538
    -2.35916
    -2.35916
    -2.03918
          -2
          -2
          -2
          -2
          -2
          -2
          -2
          -2
    -1.70086
    -1.70086
    -1.70086
    -1.70086
    -1.69552
    -1.69552
    -1.69552
    -1.69552
    -1.44192
    -1.44192
    -1.44192
    -1.44192
    -1.33636
    -1.13291
    -1.13291
     -1.1036
     -1.1036
     -1.1036
     -1.1036
   -0.844657
   -0.828427
   -0.828427
   -0.828427
   -0.828427
   -0.702307
   -0.702307
   -0.597263
   -0.597263
   -0.597263
   -0.597263
   -0.469266
   -0.469266
   -0.469266
   -0.469266
   -0.397825
   -0.164784
   -0.164784
-2.07559e-15
-1.79646e-15
-1.47885e-15
-1.32325e-15
 -9.1259e-16
-8.90601e-16
-7.39527e-16
 -4.5679e-16
-2.92599e-16
-1.35277e-16
 1.81681e-17
 3.72789e-16
  6.9432e-16
 9.54982e-16
 1.02225e-15
 1.61079e-15
    0.164784
    0.164784
    0.397825
    0.469266
    0.469266
    0.469266
    0.469266
    0.597263
    0.597263
    0.597263
    0.597263
    0.702307
    0.702307
    0.828427
    0.828427
    0.828427
    0.828427
    0.844657
      1.1036
      1.1036
      1.1036
      1.1036
     1.13291
     1.13291
     1.33636
     1.44192
     1.44192
     1.44192
     1.44192
     1.69552
     1.69552
     1.69552
     1.69552
     1.70086
     1.70086
     1.70086
     1.70086
           2
           2
           2
           2
           2
           2
           2
           2
     2.03918
     2.35916
     2.35916
     2.40538
     2.54552
     2.54552
     2.54552
     2.54552
     2.66364
     2.86709
     2.86709
     2.99321
     3.00264
     3.00264
     3.00264
     3.00264
     3.14278
     3.14278
     3.14278
     3.14278
     3.22625
     3.22625
     3.29769
     3.29769
     3.53073
     3.53073
     3.53073
     3.53073
      3.5999
     4.10624
     4.10624
     4.10624
     4.10624
     4.16478
     4.16478
     4.24638
     4.39782
     4.52395
     4.52395
      4.7035
      4.7035
      4.7035
      4.7035
     4.82843
     4.82843
     4.82843
     4.82843
     5.54816
     5.54816
     5.54816
     5.54816
     5.69552
     5.69552
     5.69552
     5.69552
      5.8071
     6.05468
     6.14542
     6.14542
     6.14542
     6.14542
     6.35916
     6.35916
     6.99321
     7.22625
     7.22625
     7.24902
     7.24902
     7.24902
     7.24902
     8.52395
     8.52395
     8.69094
     10.0547
     10.2517
