    -14.0533
    -13.9103
    -12.9148
    -12.7834
    -12.7834
    -11.8224
    -11.8224
    -11.8224
    -11.8224
    -11.7477
    -11.7477
    -11.6564
    -10.8873
    -10.8873
    -10.8646
    -10.8646
    -10.8646
    -10.8646
      -10.73
    -10.6208
    -10.6208
    -10.6208
    -10.6208
    -10.2718
    -10.2718
    -10.1191
    -10.1191
    -10.1191
    -10.1191
    -9.95102
    -9.95102
    -9.77225
    -9.77225
    -9.77225
    -9.77225
    -9.76038
    -9.76038
    -9.76038
    -9.76038
    -9.64612
    -9.64612
    -9.64612
    -9.64612
    -9.59151
    -9.58518
    -9.49388
    -9.49388
    -9.48409
    -9.48409
    -9.14485
    -9.14485
    -9.14485
    -9.14485
    -9.02667
    -9.02667
    -9.02667
    -9.02667
    -8.82409
    -8.82409
    -8.82409
    -8.82409
    -8.81446
    -8.72474
    -8.72474
    -8.72474
    -8.72474
    -8.63373
    -8.63373
    -8.63373
    -8.63373
    -8.63345
    -8.63345
    -8.55372
    -8.55372
    -8.55372
    -8.55372
    -8.45825
    -8.45825
    -8.39169
    -8.39169
    -8.10921
    -8.10921
    -8.10921
    -8.10921
    -8.06889
    -8.06889
    -8.06889
    -8.06889
    -8.01792
    -8.01792
    -7.88816
    -7.88816
    -7.88816
    -7.88816
    -7.86431
    -7.78846
    -7.78846
    -7.78846
    -7.78846
    -7.69716
    -7.69716
    -7.67594
    -7.59781
    -7.59781
    -7.59781
    -7.59781
    -7.59781
    -7.59781
    -7.59781
    -7.59781
    -7.59593
    -7.59593
    -7.59593
    -7.59593
    -7.54133
    -7.54133
    -7.54133
    -7.54133
    -7.43391
    -7.43391
     -7.4152
     -7.4152
     -7.4152
     -7.4152
    -7.33132
    -7.32332
    -7.25317
    -7.25317
    -7.24878
    -7.24878
    -7.24878
    -7.24878
    -6.98228
    -6.98228
    -6.98228
    -6.98228
    -6.98228
    -6.98228
    -6.98228
    -6.98228
    -6.93037
    -6.93037
    -6.93037
    -6.93037
    -6.92802
    -6.92802
    -6.92802
    -6.92802
    -6.85036
    -6.85036
    -6.85036
    -6.85036
    -6.79575
    -6.79575
    -6.79575
    -6.79575
    -6.73738
    -6.73738
    -6.68833
    -6.68833
    -6.66153
    -6.66153
    -6.66153
    -6.66153
    -6.66153
    -6.66153
    -6.66153
    -6.66153
    -6.63325
    -6.58354
    -6.58354
    -6.58354
    -6.58354
    -6.56218
    -6.56218
    -6.47088
    -6.47088
    -6.47088
    -6.47088
    -6.45741
    -6.45741
    -6.45741
    -6.45741
     -6.3774
     -6.3228
     -6.3228
     -6.3228
     -6.3228
    -6.31249
    -6.31249
    -6.31249
    -6.31249
    -6.29539
    -6.29539
    -6.21538
    -6.21538
     -6.1848
    -6.16077
    -6.16077
    -6.12185
    -6.12185
    -6.12185
    -6.12185
    -6.12185
    -6.12185
    -6.12185
    -6.12185
    -5.99173
    -5.94665
    -5.94665
    -5.85535
    -5.85535
    -5.85535
    -5.85535
    -5.83797
    -5.83797
    -5.83797
    -5.83797
    -5.83797
    -5.83797
    -5.83797
    -5.83797
    -5.83797
    -5.83797
    -5.83797
    -5.83797
    -5.83797
    -5.83797
    -5.83797
    -5.83797
    -5.80109
    -5.80109
    -5.80109
    -5.80109
    -5.80109
    -5.80109
    -5.80109
    -5.80109
    -5.71184
    -5.71184
    -5.71184
    -5.71184
    -5.70175
    -5.70175
    -5.62589
    -5.62589
    -5.61045
    -5.54982
    -5.54982
     -5.5346
     -5.5346
     -5.5346
     -5.5346
    -5.50632
    -5.50632
    -5.49114
    -5.43525
    -5.43525
    -5.43525
    -5.43525
    -5.36501
    -5.36501
    -5.36501
    -5.36501
    -5.36501
    -5.36501
    -5.36501
    -5.36501
    -5.36501
    -5.36501
    -5.36501
    -5.36501
    -5.36501
    -5.36501
    -5.36501
    -5.36501
    -5.23889
    -5.20299
    -5.20299
    -5.20299
    -5.20299
    -5.20299
    -5.20299
    -5.20299
    -5.20299
    -5.18556
    -5.18556
    -5.18556
    -5.18556
    -5.18556
    -5.18556
    -5.18556
    -5.18556
     -5.0924
     -5.0924
     -5.0924
     -5.0924
    -5.08622
    -5.08622
    -5.08622
    -5.08622
    -5.08622
    -5.08622
    -5.08622
    -5.08622
    -5.07686
    -5.07686
    -4.99492
    -4.99492
    -4.99492
    -4.99492
    -4.88019
    -4.88019
    -4.88019
    -4.88019
     -4.8648
     -4.8648
    -4.81972
    -4.81972
    -4.81972
    -4.81972
    -4.76546
    -4.76546
    -4.76546
    -4.76546
    -4.76546
    -4.76546
    -4.76546
    -4.76546
    -4.74557
    -4.74557
    -4.74557
    -4.74557
    -4.67416
    -4.67416
    -4.67416
    -4.67416
    -4.61944
    -4.61944
    -4.61944
    -4.61944
    -4.61944
    -4.61944
    -4.61944
    -4.61944
    -4.61944
    -4.61944
    -4.61944
    -4.61944
    -4.61944
    -4.61944
    -4.61944
    -4.61944
    -4.57482
    -4.57482
    -4.57482
    -4.57482
    -4.49896
    -4.49896
    -4.49896
    -4.49896
    -4.47069
    -4.47069
    -4.45741
    -4.45741
    -4.45741
    -4.45741
    -4.45741
    -4.45741
    -4.45741
    -4.45741
    -4.40723
    -4.40723
    -4.40723
    -4.40723
    -4.37939
    -4.35262
    -4.30832
    -4.30832
    -4.27261
    -4.27261
    -4.27261
    -4.27261
     -4.2452
     -4.2452
    -4.22578
    -4.22578
    -4.14993
    -4.14993
    -4.14993
    -4.14993
    -4.14993
    -4.14993
    -4.14993
    -4.14993
    -4.14649
    -4.14649
    -4.14649
    -4.14649
    -4.13462
    -4.13462
    -4.13462
    -4.13462
    -4.11059
    -4.11059
    -4.05863
    -4.05863
    -4.05863
    -4.05863
          -4
    -3.98446
    -3.98446
    -3.98446
    -3.98446
    -3.98446
    -3.98446
    -3.98446
    -3.98446
    -3.95929
    -3.95929
    -3.95929
    -3.95929
    -3.95929
    -3.95929
    -3.95929
    -3.95929
    -3.95929
    -3.95929
    -3.95929
    -3.95929
    -3.95929
    -3.95929
    -3.95929
    -3.95929
    -3.90502
    -3.90502
    -3.82917
    -3.82917
    -3.78779
    -3.78779
    -3.78779
    -3.78779
    -3.73787
    -3.69279
    -3.69279
    -3.66166
    -3.66166
    -3.66166
    -3.66166
    -3.66166
    -3.66166
    -3.66166
    -3.66166
    -3.66166
    -3.66166
    -3.66166
    -3.66166
    -3.66166
    -3.66166
    -3.66166
    -3.66166
    -3.63853
    -3.63853
    -3.63853
    -3.63853
    -3.63853
    -3.63853
    -3.63853
    -3.63853
    -3.63853
    -3.63853
    -3.63853
    -3.63853
    -3.63853
    -3.63853
    -3.63853
    -3.63853
    -3.61025
    -3.61025
    -3.60705
    -3.60705
    -3.60705
    -3.60705
    -3.53918
    -3.52704
    -3.52704
    -3.52704
    -3.52704
    -3.49963
    -3.49963
    -3.49963
    -3.49963
    -3.49963
    -3.49963
    -3.49963
    -3.49963
    -3.44789
    -3.44789
    -3.37203
    -3.37203
    -3.36501
    -3.36501
    -3.34376
    -3.34376
    -3.34376
    -3.34376
    -3.31483
    -3.31483
    -3.31483
    -3.31483
    -3.28949
    -3.28949
    -3.28949
    -3.28949
    -3.28949
    -3.28949
    -3.28949
    -3.28949
     -3.1887
     -3.1887
     -3.1887
     -3.1887
     -3.1528
     -3.1528
    -3.13409
    -3.13409
    -3.13409
    -3.13409
    -3.09885
    -3.09885
    -3.09885
    -3.09885
    -3.05408
    -3.04222
    -3.04222
    -3.04222
    -3.04222
    -3.02667
    -3.02667
    -3.02667
    -3.02667
    -3.02667
    -3.02667
    -3.02667
    -3.02667
      -3.023
      -3.023
      -3.023
      -3.023
      -3.023
      -3.023
      -3.023
      -3.023
      -3.023
      -3.023
      -3.023
      -3.023
      -3.023
      -3.023
      -3.023
      -3.023
    -2.97207
    -2.97207
    -2.96874
    -2.96874
    -2.92365
    -2.92365
    -2.92365
    -2.92365
    -2.91609
    -2.91609
    -2.91609
    -2.91609
    -2.89206
    -2.89206
    -2.86148
    -2.83236
    -2.83236
    -2.83236
    -2.83236
    -2.83236
    -2.83236
    -2.83236
    -2.83236
    -2.77809
    -2.77809
    -2.77809
    -2.77809
    -2.75406
    -2.75406
    -2.70224
    -2.70224
    -2.70224
    -2.70224
    -2.67396
    -2.67396
    -2.64927
    -2.64927
    -2.64927
    -2.64927
    -2.60289
    -2.60289
    -2.60289
    -2.60289
    -2.56926
    -2.56926
    -2.56926
    -2.56926
    -2.56926
    -2.56926
    -2.56926
    -2.56926
    -2.56926
    -2.56926
    -2.56926
    -2.56926
    -2.56926
    -2.56926
    -2.56926
    -2.56926
     -2.5116
     -2.5116
     -2.5116
     -2.5116
     -2.5116
     -2.5116
     -2.5116
     -2.5116
    -2.48332
    -2.48332
    -2.48332
    -2.48332
    -2.44313
    -2.44313
    -2.44313
    -2.44313
    -2.41225
    -2.41225
    -2.40723
    -2.40723
    -2.40723
    -2.40723
    -2.40723
    -2.40723
    -2.40723
    -2.40723
    -2.38852
    -2.38852
    -2.38852
    -2.38852
    -2.35321
    -2.35321
    -2.30812
     -2.2811
     -2.2811
     -2.2811
     -2.2811
     -2.2811
     -2.2811
     -2.2811
     -2.2811
     -2.2265
     -2.2265
    -2.21683
    -2.21683
    -2.17631
    -2.17631
    -2.17631
    -2.17631
    -2.16256
    -2.16256
    -2.16256
    -2.16256
    -2.16256
    -2.16256
    -2.16256
    -2.16256
    -2.16256
    -2.16256
    -2.16256
    -2.16256
    -2.16256
    -2.16256
    -2.16256
    -2.16256
     -2.0963
     -2.0963
     -2.0963
     -2.0963
    -2.08443
    -2.06322
    -2.06322
    -2.06322
    -2.06322
    -2.01428
    -2.01428
    -1.98737
    -1.98737
    -1.98737
    -1.98737
    -1.97192
    -1.97192
    -1.93427
    -1.93427
    -1.93427
    -1.93427
    -1.93427
    -1.93427
    -1.93427
    -1.93427
    -1.91557
     -1.9037
     -1.9037
     -1.9037
     -1.9037
    -1.89607
    -1.89607
    -1.89607
    -1.89607
    -1.89607
    -1.89607
    -1.89607
    -1.89607
    -1.84181
    -1.84181
    -1.84181
    -1.84181
    -1.82369
    -1.82369
    -1.82369
    -1.82369
    -1.80815
    -1.80815
    -1.79672
    -1.79672
    -1.79672
    -1.79672
    -1.79672
    -1.79672
    -1.79672
    -1.79672
    -1.75354
    -1.75354
    -1.74246
    -1.74246
    -1.74246
    -1.74246
    -1.66661
    -1.66166
    -1.66166
    -1.65116
    -1.65116
    -1.61148
    -1.61148
    -1.61148
    -1.61148
    -1.57531
    -1.57531
    -1.55687
    -1.55687
    -1.55687
    -1.55687
    -1.54703
    -1.54703
    -1.54703
    -1.54703
    -1.47596
    -1.47596
    -1.47596
    -1.47596
    -1.47596
    -1.47596
    -1.47596
    -1.47596
    -1.44945
    -1.44945
    -1.44769
    -1.44769
    -1.44769
    -1.44769
    -1.43074
    -1.43074
    -1.43074
    -1.43074
    -1.43074
    -1.43074
    -1.43074
    -1.43074
    -1.43074
    -1.43074
    -1.43074
    -1.43074
    -1.43074
    -1.43074
    -1.43074
    -1.43074
    -1.35639
    -1.35639
    -1.35073
    -1.35073
    -1.35073
    -1.35073
    -1.28532
    -1.26871
    -1.26871
    -1.26871
    -1.26871
    -1.26871
    -1.26871
    -1.26871
    -1.26871
    -1.22628
    -1.22628
    -1.22628
    -1.22628
     -1.1887
     -1.1887
     -1.1887
     -1.1887
     -1.1887
     -1.1887
     -1.1887
     -1.1887
    -1.18119
    -1.18119
    -1.13852
    -1.12693
    -1.12693
    -1.12693
    -1.12693
    -1.12693
    -1.12693
    -1.12693
    -1.12693
    -1.12693
    -1.12693
    -1.12693
    -1.12693
    -1.12693
    -1.12693
    -1.12693
    -1.12693
    -1.08391
    -1.08391
    -1.08391
    -1.08391
    -1.03563
    -1.03563
    -1.03563
    -1.03563
    -1.03563
    -1.03563
    -1.03563
    -1.03563
   -0.976491
   -0.976491
   -0.957783
   -0.957783
   -0.957783
   -0.957783
   -0.945916
   -0.936287
   -0.936287
   -0.936287
   -0.936287
   -0.936287
   -0.936287
   -0.936287
   -0.936287
   -0.921883
   -0.921883
   -0.865905
   -0.865905
   -0.865905
   -0.865905
   -0.860435
   -0.860435
   -0.860435
   -0.860435
   -0.860435
   -0.860435
   -0.860435
   -0.860435
   -0.811298
   -0.811298
   -0.811298
   -0.811298
   -0.806172
   -0.806172
   -0.806172
   -0.806172
   -0.795755
   -0.795755
   -0.795755
   -0.795755
   -0.795755
   -0.795755
   -0.795755
   -0.795755
   -0.715745
   -0.715745
   -0.714875
   -0.714875
   -0.703877
   -0.703877
   -0.685169
   -0.685169
   -0.685169
   -0.685169
   -0.669792
   -0.669792
   -0.669792
   -0.669792
    -0.61553
    -0.61553
    -0.61553
    -0.61553
    -0.61553
    -0.61553
    -0.61553
    -0.61553
   -0.587253
   -0.539677
   -0.539677
   -0.523141
   -0.523141
   -0.511401
   -0.511401
   -0.511401
   -0.511401
   -0.472958
   -0.472958
   -0.472958
   -0.472958
   -0.420103
   -0.420103
   -0.392948
   -0.392948
   -0.392948
   -0.392948
   -0.349034
   -0.349034
   -0.349034
   -0.349034
    -0.33834
    -0.33834
    -0.33834
    -0.33834
    -0.33834
    -0.33834
    -0.33834
    -0.33834
    -0.33834
    -0.33834
    -0.33834
    -0.33834
    -0.33834
    -0.33834
    -0.33834
    -0.33834
   -0.320758
   -0.320758
   -0.320758
   -0.320758
   -0.320758
   -0.320758
   -0.320758
   -0.320758
    -0.31093
    -0.31093
   -0.266495
   -0.266495
   -0.266495
   -0.266495
   -0.230919
   -0.230919
   -0.230919
   -0.230919
   -0.230919
   -0.230919
   -0.230919
   -0.230919
   -0.212212
   -0.212212
   -0.212212
   -0.212212
   -0.190643
   -0.190643
   -0.190643
   -0.190643
   -0.176312
   -0.176312
   -0.176312
   -0.176312
   -0.176312
   -0.176312
   -0.176312
   -0.176312
  -0.0993456
  -0.0993456
  -0.0542626
  -0.0501836
  -0.0501836
  -0.0501836
  -0.0501836
  -0.0501836
  -0.0501836
  -0.0501836
  -0.0501836
-3.16318e-15
-2.87142e-15
  -2.643e-15
-2.35588e-15
-2.24805e-15
-1.86166e-15
-1.64921e-15
-1.46982e-15
-1.41219e-15
-1.06052e-15
-8.98061e-16
-7.73993e-16
-6.71561e-16
-4.19344e-16
-1.83801e-16
-4.49589e-17
 5.65819e-17
 3.41808e-16
 5.03176e-16
 8.55885e-16
  9.0351e-16
 1.11689e-15
 1.21939e-15
  1.5287e-15
 1.73533e-15
 1.75307e-15
 1.87413e-15
 2.03622e-15
  2.2415e-15
 2.42403e-15
 2.64501e-15
 2.76241e-15
 3.27619e-15
   0.0542626
   0.0993456
   0.0993456
    0.134618
    0.134618
    0.134618
    0.134618
    0.146485
    0.146485
    0.146485
    0.146485
    0.162028
    0.162028
    0.190643
    0.190643
    0.190643
    0.190643
    0.242038
    0.242038
    0.266495
    0.266495
    0.266495
    0.266495
    0.272613
    0.272613
    0.272613
    0.272613
    0.296646
    0.296646
    0.296646
    0.296646
    0.296646
    0.296646
    0.296646
    0.296646
    0.320758
    0.320758
    0.320758
    0.320758
    0.320758
    0.320758
    0.320758
    0.320758
    0.349034
    0.349034
    0.349034
    0.349034
    0.352624
    0.407231
    0.407231
    0.407231
    0.407231
    0.420103
    0.420103
    0.422774
    0.422774
    0.434642
    0.434642
    0.511401
    0.511401
    0.511401
    0.511401
    0.514652
    0.514652
    0.539677
    0.539677
    0.569259
    0.569259
    0.587253
     0.61553
     0.61553
     0.61553
     0.61553
     0.61553
     0.61553
     0.61553
     0.61553
    0.619443
    0.619443
    0.619443
    0.619443
    0.619443
    0.619443
    0.619443
    0.619443
    0.619443
    0.619443
    0.619443
    0.619443
    0.619443
    0.619443
    0.619443
    0.619443
    0.669792
    0.669792
    0.669792
    0.669792
    0.714875
    0.714875
    0.745571
    0.745571
    0.745571
    0.745571
    0.781471
    0.781471
    0.781471
    0.781471
    0.781471
    0.781471
    0.781471
    0.781471
    0.806172
    0.806172
    0.806172
    0.806172
    0.860435
    0.860435
    0.860435
    0.860435
    0.860435
    0.860435
    0.860435
    0.860435
    0.880189
    0.880189
    0.880189
    0.880189
    0.907599
    0.907599
    0.907599
    0.907599
    0.907599
    0.907599
    0.907599
    0.907599
    0.936287
    0.936287
    0.936287
    0.936287
    0.936287
    0.936287
    0.936287
    0.936287
     0.98761
     0.98761
     1.03563
     1.03563
     1.03563
     1.03563
     1.03563
     1.03563
     1.03563
     1.03563
     1.04222
     1.04222
     1.04222
     1.04222
     1.04222
     1.04222
     1.04222
     1.04222
      1.0924
      1.0924
      1.0924
      1.0924
     1.12693
     1.12693
     1.12693
     1.12693
     1.12693
     1.12693
     1.12693
     1.12693
     1.12693
     1.12693
     1.12693
     1.12693
     1.12693
     1.12693
     1.12693
     1.12693
     1.18119
     1.18119
     1.22628
     1.22628
     1.22628
     1.22628
     1.23889
     1.25443
     1.25443
     1.25443
     1.25443
     1.25443
     1.25443
     1.25443
     1.25443
     1.28532
     1.35639
     1.35639
     1.36501
     1.36501
     1.36501
     1.36501
     1.36501
     1.36501
     1.36501
     1.36501
     1.36501
     1.36501
     1.36501
     1.36501
     1.36501
     1.36501
     1.36501
     1.36501
     1.38056
     1.38056
     1.44769
     1.44769
     1.44769
     1.44769
     1.47596
     1.47596
     1.47596
     1.47596
     1.47596
     1.47596
     1.47596
     1.47596
     1.49114
     1.51517
     1.51517
     1.52704
     1.52704
     1.52704
     1.52704
     1.52704
     1.52704
     1.52704
     1.52704
     1.54703
     1.54703
     1.54703
     1.54703
     1.57531
     1.57531
     1.65116
     1.65116
     1.65317
     1.65317
     1.66661
     1.71184
     1.71184
     1.71184
     1.71184
     1.74246
     1.74246
     1.74246
     1.74246
     1.79672
     1.79672
     1.79672
     1.79672
     1.79672
     1.79672
     1.79672
     1.79672
     1.83797
     1.83797
     1.83797
     1.83797
     1.83797
     1.83797
     1.83797
     1.83797
     1.83797
     1.83797
     1.83797
     1.83797
     1.83797
     1.83797
     1.83797
     1.83797
     1.84181
     1.84181
     1.84181
     1.84181
     1.87387
     1.87387
     1.89607
     1.89607
     1.89607
     1.89607
     1.89607
     1.89607
     1.89607
     1.89607
     1.97192
     1.97192
     1.98737
     1.98737
     1.98737
     1.98737
           2
           2
           2
           2
           2
           2
           2
           2
           2
           2
           2
           2
           2
           2
           2
           2
           2
           2
           2
           2
           2
           2
           2
           2
           2
           2
           2
           2
           2
           2
           2
           2
     2.06322
     2.06322
     2.06322
     2.06322
     2.12613
     2.12613
     2.16256
     2.16256
     2.16256
     2.16256
     2.16256
     2.16256
     2.16256
     2.16256
     2.16256
     2.16256
     2.16256
     2.16256
     2.16256
     2.16256
     2.16256
     2.16256
      2.1848
     2.21683
     2.21683
     2.30812
      2.3228
      2.3228
      2.3228
      2.3228
     2.34683
     2.34683
     2.35321
     2.35321
      2.3774
     2.41225
     2.41225
     2.45741
     2.45741
     2.45741
     2.45741
     2.47296
     2.47296
     2.47296
     2.47296
     2.47296
     2.47296
     2.47296
     2.47296
     2.48332
     2.48332
     2.48332
     2.48332
     2.48483
     2.48483
      2.5116
      2.5116
      2.5116
      2.5116
      2.5116
      2.5116
      2.5116
      2.5116
     2.58354
     2.58354
     2.58354
     2.58354
     2.60289
     2.60289
     2.60289
     2.60289
     2.61944
     2.61944
     2.67396
     2.67396
     2.70224
     2.70224
     2.70224
     2.70224
     2.74557
     2.74557
     2.74557
     2.74557
     2.74557
     2.74557
     2.74557
     2.74557
     2.77809
     2.77809
     2.77809
     2.77809
     2.79575
     2.79575
     2.79575
     2.79575
     2.83236
     2.83236
     2.83236
     2.83236
     2.83236
     2.83236
     2.83236
     2.83236
     2.85036
     2.85036
     2.85036
     2.85036
     2.92365
     2.92365
     2.92365
     2.92365
     2.93037
     2.93037
     2.93037
     2.93037
     2.95778
     2.95778
     2.95778
     2.95778
     2.95778
     2.95778
     2.95778
     2.95778
     2.96874
     2.96874
     3.01239
     3.01239
       3.023
       3.023
       3.023
       3.023
       3.023
       3.023
       3.023
       3.023
       3.023
       3.023
       3.023
       3.023
       3.023
       3.023
       3.023
       3.023
      3.0924
      3.0924
      3.0924
      3.0924
      3.0924
      3.0924
      3.0924
      3.0924
     3.09885
     3.09885
     3.09885
     3.09885
     3.21853
     3.21853
     3.21853
     3.21853
     3.21853
     3.21853
     3.21853
     3.21853
     3.28949
     3.28949
     3.28949
     3.28949
     3.28949
     3.28949
     3.28949
     3.28949
     3.32332
     3.34376
     3.34376
     3.34376
     3.34376
     3.37203
     3.37203
      3.4152
      3.4152
      3.4152
      3.4152
     3.43074
     3.43074
     3.44789
     3.44789
     3.48535
     3.48535
     3.53918
     3.54133
     3.54133
     3.54133
     3.54133
     3.56536
     3.56536
     3.57723
     3.57723
     3.59593
     3.59593
     3.59593
     3.59593
     3.61025
     3.61025
     3.63853
     3.63853
     3.63853
     3.63853
     3.63853
     3.63853
     3.63853
     3.63853
     3.63853
     3.63853
     3.63853
     3.63853
     3.63853
     3.63853
     3.63853
     3.63853
     3.67594
     3.69279
     3.69279
     3.70335
     3.70335
     3.70335
     3.70335
     3.70335
     3.70335
     3.70335
     3.70335
     3.73787
     3.75796
     3.75796
     3.82917
     3.82917
     3.83797
     3.83797
     3.88816
     3.88816
     3.88816
     3.88816
     3.90502
     3.90502
     3.95929
     3.95929
     3.95929
     3.95929
     3.95929
     3.95929
     3.95929
     3.95929
     3.95929
     3.95929
     3.95929
     3.95929
     3.95929
     3.95929
     3.95929
     3.95929
     4.05018
     4.05018
     4.05018
     4.05018
     4.05018
     4.05018
     4.05018
     4.05018
     4.05863
     4.05863
     4.05863
     4.05863
     4.06889
     4.06889
     4.06889
     4.06889
     4.14993
     4.14993
     4.14993
     4.14993
     4.14993
     4.14993
     4.14993
     4.14993
     4.17631
     4.17631
     4.17631
     4.17631
     4.17631
     4.17631
     4.17631
     4.17631
     4.22578
     4.22578
     4.23092
     4.23092
     4.23092
     4.23092
     4.23092
     4.23092
     4.23092
     4.23092
     4.30832
     4.30832
     4.31093
     4.31093
     4.37939
     4.47069
     4.47069
     4.49896
     4.49896
     4.49896
     4.49896
     4.52314
     4.52314
     4.55372
     4.55372
     4.55372
     4.55372
     4.57482
     4.57482
     4.57482
     4.57482
     4.63373
     4.63373
     4.63373
     4.63373
     4.67416
     4.67416
     4.67416
     4.67416
     4.70388
     4.70388
     4.71574
     4.71574
     4.76546
     4.76546
     4.76546
     4.76546
     4.76546
     4.76546
     4.76546
     4.76546
     4.79575
     4.79575
     4.79575
     4.79575
     4.79575
     4.79575
     4.79575
     4.79575
     4.81446
     4.81972
     4.81972
     4.81972
     4.81972
      4.8648
      4.8648
     4.92188
     4.92188
     4.97649
     4.97649
     4.99492
     4.99492
     4.99492
     4.99492
     5.02667
     5.02667
     5.02667
     5.02667
     5.08622
     5.08622
     5.08622
     5.08622
     5.08622
     5.08622
     5.08622
     5.08622
     5.18556
     5.18556
     5.18556
     5.18556
     5.18556
     5.18556
     5.18556
     5.18556
      5.1887
      5.1887
      5.1887
      5.1887
      5.1887
      5.1887
      5.1887
      5.1887
     5.26871
     5.26871
     5.26871
     5.26871
     5.26871
     5.26871
     5.26871
     5.26871
     5.43525
     5.43525
     5.43525
     5.43525
     5.44945
     5.44945
     5.50632
     5.50632
      5.5346
      5.5346
      5.5346
      5.5346
     5.59151
     5.61045
     5.62589
     5.62589
     5.64612
     5.64612
     5.64612
     5.64612
     5.66166
     5.66166
     5.70175
     5.70175
     5.75354
     5.75354
     5.77225
     5.77225
     5.77225
     5.77225
     5.80109
     5.80109
     5.80109
     5.80109
     5.80109
     5.80109
     5.80109
     5.80109
     5.80815
     5.80815
     5.85535
     5.85535
     5.85535
     5.85535
     5.93427
     5.93427
     5.93427
     5.93427
     5.93427
     5.93427
     5.93427
     5.93427
     5.94665
     5.94665
     5.99173
     6.01428
     6.01428
     6.11907
     6.11907
     6.11907
     6.11907
     6.12185
     6.12185
     6.12185
     6.12185
     6.12185
     6.12185
     6.12185
     6.12185
      6.2265
      6.2265
      6.2811
      6.2811
      6.2811
      6.2811
      6.2811
      6.2811
      6.2811
      6.2811
     6.31249
     6.31249
     6.31249
     6.31249
     6.40723
     6.40723
     6.40723
     6.40723
     6.40723
     6.40723
     6.40723
     6.40723
     6.47088
     6.47088
     6.47088
     6.47088
     6.56218
     6.56218
     6.63325
     6.66153
     6.66153
     6.66153
     6.66153
     6.66153
     6.66153
     6.66153
     6.66153
     6.73003
     6.73738
     6.73738
     6.75406
     6.75406
     6.86465
     6.86465
     6.86465
     6.86465
     6.89206
     6.89206
     6.92802
     6.92802
     6.92802
     6.92802
     6.97207
     6.97207
     6.98228
     6.98228
     6.98228
     6.98228
     6.98228
     6.98228
     6.98228
     6.98228
     7.02667
     7.02667
     7.02667
     7.02667
     7.02667
     7.02667
     7.02667
     7.02667
      7.1528
      7.1528
     7.24878
     7.24878
     7.24878
     7.24878
     7.33132
     7.36501
     7.36501
     7.49963
     7.49963
     7.49963
     7.49963
     7.49963
     7.49963
     7.49963
     7.49963
     7.59781
     7.59781
     7.59781
     7.59781
     7.59781
     7.59781
     7.59781
     7.59781
     7.69716
     7.69716
     7.78846
     7.78846
     7.78846
     7.78846
     7.82243
     7.82243
     7.82243
     7.82243
     7.86431
     7.98446
     7.98446
     7.98446
     7.98446
     7.98446
     7.98446
     7.98446
     7.98446
     8.01792
     8.01792
     8.10921
     8.10921
     8.10921
     8.10921
     8.11059
     8.11059
      8.2452
      8.2452
     8.45741
     8.45741
     8.45741
     8.45741
     8.45741
     8.45741
     8.45741
     8.45741
     8.45825
     8.45825
     8.63345
     8.63345
     8.72474
     8.72474
     8.72474
     8.72474
     8.82409
     8.82409
     8.82409
     8.82409
     8.91483
     9.07686
     9.07686
     9.14485
     9.14485
     9.14485
     9.14485
     9.20299
     9.20299
     9.20299
     9.20299
     9.20299
     9.20299
     9.20299
     9.20299
     9.49388
     9.49388
     9.54982
     9.54982
     9.58518
     9.76038
     9.76038
     9.76038
     9.76038
     9.95102
     9.95102
     10.0533
     10.1608
     10.1608
     10.2154
     10.2154
     10.2718
     10.2718
     10.2954
     10.2954
     10.6208
     10.6208
     10.6208
     10.6208
     10.6883
     10.6883
     10.8873
     10.8873
     11.2532
     11.2532
     11.4339
     11.4339
     11.6564
     11.7477
     11.7477
     12.3917
     12.3917
     12.7834
     12.7834
     13.4841
     13.4841
     13.9103