0.31552
0.441109
0.435343
0.468561
0.425265
0.431733
0.469325
0.339853
0.433864
0.436937
0.424584
0.441001
0.4638
0.460373
0.347822
0.363366
0.431509
0.42112
0.439244
0.49288
0.42573
0.543753
0.445273
0.503174
0.455848
0.491699
0.457352
0.487553
0.378682
0.448875
0.360524
0.347269
0.427458
0.362932
0.415634
0.487318
0.447526
0.51702
0.480601
0.449538
0.474072
0.469314
0.517849
0.482434
0.475723
0.486798
0.466287
0.422059
0.475971
0.498944
0.486557
0.47672
0.463286
0.479624
0.527643
0.443706
0.366604
0.457998
0.481638
0.421795
0.37859
0.404385
0.384708
0.369358
0.431891
0.381562
0.383598
0.421877
0.420292
0.531366
0.499359
0.385679
0.467388
0.515991
0.528568
0.527386
0.494332
0.552598
0.474161
0.418513
0.404888
0.511697
0.533919
0.538013
0.573413
0.537117
0.522622
0.519953
0.469319
0.555033
0.5431
0.579233
0.491822
0.509309
0.403582
0.407945
0.465411
0.411667
0.52818
0.51705
0.515189
0.563915
0.50322
0.482407
0.454658
0.534965
0.468551
0.629952
0.506408
0.568513
0.46788
0.453061
0.365735
0.436076
0.46184
0.45389
0.461191
0.52949
0.488279
0.446103
0.378811
0.449006
0.424302
0.457257
0.388254
0.397673
0.395223
0.389034
0.448688
0.442085
0.399367
0.504934
0.383494
0.557226
0.441707
0.434203
0.418636
0.520919
0.535877
0.533524
0.515487
0.550912
0.434053
0.422242
0.443925
0.537529
0.5362
0.573076
0.52562
0.527495
0.568684
0.552303
0.527878
0.587207
0.575562
0.582215
0.470771
0.541365
0.454724
0.472958
0.450143
0.529344
0.533031
0.494933
0.551937
0.430421
0.584254
0.546376
0.514452
0.530163
0.531181
0.559528
0.529698
0.503728
0.534173
0.580004
0.436861
0.55611
0.543976
0.581088
0.501525
0.523133
0.580875
0.552297
0.482078
0.576222
0.552648
0.520189
0.394548
0.551797
0.397289
0.471142
0.461843
0.53713
0.398054
0.506005
0.488242
0.529644
0.534478
0.430476
0.498106
0.575691
0.55167
0.542149
0.476008
0.618144
0.451841
0.477851
0.457186
0.488835
0.558795
0.561481
0.536434
0.565461
0.605542
0.561006
0.51912
0.570942
0.593366
0.567023
0.428154
0.524722
0.443368
0.461229
0.355469
0.400387
0.398739
0.437216
0.469565
0.534882
0.458434
0.421478
0.473396
0.563317
0.496222
0.54195
0.426085
0.488114
0.409523
0.429041
0.35658
0.4285
0.454964
0.4627
0.411507
0.514653
0.432696
0.411739
0.350792
0.483115
0.432085
0.457142
0.374583
0.461921
0.38727
0.357328
0.433849
0.436606
0.424693
0.490019
0.369579
0.544642
0.509472
0.467932
0.37512
0.520319
0.528083
0.555466
0.392753
0.545994
0.398816
0.45182
0.438037
0.500602
0.453062
0.585162
0.527863
0.518007
0.55024
0.511692
0.499076
0.58502
0.54491
0.555678
0.391033
0.509821
0.37846
0.447944
0.424006
0.507658
0.506179
0.559065
0.500801
0.57527
0.593726
0.612537
0.504565
0.594665
0.509966
0.500893
0.501236
0.496625
0.509468
0.577684
0.470804
0.571617
0.568418
0.519174
0.539256
0.469385
0.583913
0.586174
0.481787
0.57051
0.548431
0.567496
0.436903
0.544603
0.431061
0.507421
0.441992
0.552798
0.565879
0.546263
0.525484
0.469853
0.51891
0.52803
0.549122
0.557526
0.467969
0.480161
0.528049
0.449393
0.520349
0.567598
0.539787
0.519456
0.525387
0.527327
0.514643
0.499362
0.569761
0.554147
0.497316
0.506471
0.510498
0.502572
0.535327
0.483726
0.525662
0.517986
0.475829
0.558286
0.561366
0.566726
0.572841
0.478374
0.616318
0.553003
0.50312
0.515343
0.498689
0.429434
0.516686
0.483917
0.51059
0.558758
0.456577
0.507528
0.558616
0.575678
0.536759
0.505213
0.545329
0.547359
0.438653
0.530161
0.527832
0.564462
0.42788
0.507792
0.495248
0.444774
0.469852
0.498363
0.535915
0.49823
0.425554
0.603054
0.546439
0.480157
0.532458
0.607773
0.544926
0.603443
0.510298
0.583327
0.448264
0.475786
0.486462
0.558814
0.610778
0.533496
0.565837
0.51542
0.58511
0.609822
0.522992
0.551976
0.641124
0.529765
0.476734
0.623937
0.47379
0.454218
0.484264
0.539505
0.534263
0.578715
0.558316
0.45014
0.601139
0.566873
0.560359
0.54095
0.56104
0.553183
0.565381
0.455815
0.540136
0.579742
0.534649
0.602749
0.585806
0.548485
0.531416
0.520069
0.571213
0.579167
0.455886
0.601195
0.547916
0.595176
0.460027
0.548305
0.476967
0.471487
0.368423
0.479871
0.403397
0.467632
0.411362
0.550007
0.422462
0.43885
0.480865
0.532543
0.555714
0.569258
0.462389
0.555032
0.448419
0.522153
0.487384
0.551369
0.572942
0.622277
0.562972
0.571247
0.557977
0.554078
0.472887
0.57717
0.54757
0.585691
0.440748
0.556899
0.413154
0.522582
0.368377
0.477778
0.406976
0.473327
0.427337
0.609507
0.447928
0.522898
0.419105
0.56137
0.53244
0.607607
0.442105
0.538166
0.420571
0.410731
0.394083
0.457346
0.447042
0.487007
0.400609
0.543451
0.458365
0.513437
0.365431
0.513651
0.483503
0.467303
0.350245
0.479983
0.380995
0.458219
0.437853
0.455118
0.441315
0.463003
0.410402
0.56226
0.49316
0.469238
0.384018
0.525055
0.489533
0.495974
0.501298
0.525032
0.472375
0.413228
0.404378
0.565104
0.527468
0.560796
0.540368
0.520164
0.594218
0.565484
0.405613
0.578491
0.522802
0.514221
0.405249
0.540076
0.454046
0.419505
0.443963
0.568335
0.504421
0.528212
0.526208
0.504774
0.613125
0.561791
0.570145
0.470148
0.516823
0.526068
0.563851
0.501764
0.552299
0.544895
0.510504
0.544364
0.57831
0.590377
0.522145
0.575774
0.596766
0.544198
0.407784
0.550492
0.578799
0.537389
0.443247
0.539806
0.448616
0.483744
0.482278
0.51016
0.504675
0.565727
0.467396
0.518596
0.578622
0.512845
0.492152
0.554092
0.596921
0.505866
0.573632
0.505816
0.561777
0.570466
0.532053
0.474436
0.556875
0.478654
0.522239
0.495881
0.526043
0.517582
0.562015
0.467914
0.502398
0.490863
0.545951
0.483083
0.53525
0.539696
0.482297
0.550237
0.581366
0.562209
0.604938
0.533512
0.5187
0.648834
0.566208
0.464626
0.512889
0.455656
0.593993
0.521717
0.58079
0.578412
0.47819
0.560164
0.585238
0.575639
0.521212
0.551924
0.596712
0.556563
0.473731
0.583793
0.579846
0.534267
0.454671
0.519427
0.531825
0.481567
0.435236
0.502862
0.533343
0.534795
0.528873
0.525823
0.59285
0.559745
0.523554
0.514987
0.480997
0.496574
0.504196
0.574725
0.580264
0.569125
0.559476
0.535358
0.563419
0.508577
0.458837
0.496845
0.463423
0.482004
0.586982
0.521704
0.463925
0.498753
0.553103
0.540938
0.617589
0.513465
0.572248
0.538656
0.533643
0.56753
0.517078
0.490294
0.542534
0.575556
0.542094
0.495569
0.498905
0.493441
0.538795
0.497939
0.576918
0.506685
0.506758
0.584616
0.528255
0.528897
0.494663
0.501861
0.522296
0.516912
0.533879
0.569764
0.501418
0.529886
0.51311
0.526507
0.506321
0.510041
0.464903
0.519187
0.522572
0.556337
0.51031
0.560055
0.549104
0.515126
0.568075
0.522056
0.452222
0.450632
0.60089
0.530583
0.568761
0.571887
0.489166
0.540153
0.506484
0.437878
0.483104
0.49155
0.459255
0.483535
0.540196
0.52313
0.483373
0.535784
0.515103
0.527298
0.572762
0.577989
0.46927
0.54024
0.55163
0.520021
0.503669
0.550269
0.597568
0.519435
0.54548
0.518962
0.490751
0.472395
0.510412
0.517534
0.502104
0.552413
0.390874
0.551091
0.537575
0.571282
0.526277
0.503974
0.559908
0.563853
0.406253
0.522851
0.513405
0.533374
0.478382
0.586771
0.45686
0.425624
0.478255
0.45355
0.514992
0.531152
0.519606
0.49737
0.489325
0.435289
0.40311
0.580513
0.577322
0.537832
0.516992
0.546088
0.468876
0.451011
0.524038
0.546538
0.565791
0.533073
0.496507
0.553522
0.629985
0.534928
0.532144
0.569317
0.595847
0.530455
0.410762
0.507412
0.450358
0.48996
0.479916
0.544316
0.617991
0.56466
0.591078
0.515207
0.550397
0.558317
0.593643
0.471011
0.548044
0.50548
0.554706
0.45189
0.598127
0.554378
0.456953
0.620285
0.556622
0.530728
0.616796
0.502655
0.58769
0.565345
0.450417
0.588194
0.625992
0.583628
0.440782
0.553882
0.477282
0.471408
0.460471
0.520616
0.569281
0.560359
0.517255
0.52264
0.592331
0.542859
0.583627
0.527469
0.464684
0.480472
0.535214
0.46
0.593655
0.555426
0.525524
0.495788
0.497749
0.473791
0.565993
0.500609
0.546194
0.505923
0.610822
0.462472
0.467321
0.563035
0.484284
0.438691
0.546949
0.50156
0.507108
0.556866
0.593137
0.515109
0.592886
0.504704
0.525906
0.585633
0.549567
0.499201
0.50527
0.554976
0.522046
0.585826
0.576663
0.539761
0.461484
0.527819
0.616185
0.571246
0.524377
0.520322
0.609304
0.518259
0.443681
0.581645
0.56548
0.497798
0.468564
0.556543
0.493035
0.438161
0.367989
0.479773
0.484063
0.435196
0.412145
0.5535
0.491337
0.43248
0.402322
0.552901
0.526873
0.505759
0.437746
0.554965
0.434019
0.41671
0.465643
0.532127
0.566535
0.591394
0.570495
0.547739
0.602078
0.553962
0.502332
0.597624
0.561188
0.572409
0.424142
0.526152
0.527769
0.518173
0.478212
0.526505
0.546477
0.518215
0.511875
0.501016
0.598272
0.544596
0.540927
0.477297
0.583982
0.524391
0.555773
0.460143
0.511074
0.557861
0.437394
0.508728
0.545735
0.57488
0.515465
0.531951
0.583951
0.489683
0.419214
0.551879
0.521578
0.508476
0.422147
0.533829
0.496291
0.397394
0.342236
0.423416
0.439045
0.452927
0.415571
0.571419
0.450294
0.40781
0.44483
0.596706
0.587449
0.539474
0.457628
0.512137
0.513496
0.392886
0.427052
0.536119
0.549892
0.54397
0.578612
0.528082
0.565465
0.564108
0.45777
0.574476
0.573296
0.526893
0.421566
0.528943
0.424677
0.383476
0.376169
0.429428
0.441041
0.476555
0.446918
0.497037
0.485284
0.511193
0.417927
0.563303
0.539468
0.516095
0.466586
0.546299
0.511877
0.386385
0.38994
0.499378
0.51198
0.468819
0.473202
0.480927
0.480346
0.413445
0.381318
0.45235
0.467796
0.418994
0.366459
0.445778
0.465544
0.433983
0.428391
0.467243
0.441997
0.368247
0.423418
0.47233
0.455052
0.374682
0.413027
0.481286
0.487362
0.465294
0.483274
0.515072
0.503661
0.392731
0.388177
0.512628
0.541537
0.461896
0.528937
0.530545
0.569083
0.420174
0.511414
0.495657
0.495663
0.446013
0.473593
0.440473
0.430423
0.372876
0.381286
0.421727
0.529063
0.424616
0.530178
0.558802
0.56336
0.462211
0.563385
0.554708
0.534641
0.579233
0.550931
0.558878
0.528478
0.422522
0.38775
0.512587
0.519444
0.462832
0.538878
0.586895
0.58533
0.457834
0.40538
0.440603
0.569336
0.415512
0.450972
0.432457
0.419189
0.337677
0.393771
0.502281
0.53416
0.414101
0.512095
0.51802
0.554059
0.425214
0.491279
0.587967
0.529734
0.528996
0.572634
0.544376
0.510493
0.441564
0.565088
0.531238
0.455157
0.548335
0.52593
0.587876
0.484072
0.529755
0.544911
0.614188
0.506009
0.522206
0.524237
0.54733
0.528189
0.477891
0.516437
0.526287
0.531305
0.42074
0.572669
0.568196
0.586306
0.492064
0.556893
0.586112
0.546281
0.571558
0.590091
0.568956
0.540317
0.466462
0.421388
0.440073
0.547043
0.445316
0.509502
0.519326
0.5558
0.396894
0.429877
0.481383
0.562901
0.415836
0.429648
0.476663
0.481193
0.368722
0.436012
0.491262
0.557881
0.462152
0.506438
0.559806
0.580997
0.430596
0.526958
0.593488
0.510433
0.528082
0.570728
0.613222
0.528964
0.454945
0.534466
0.575693
0.583949
0.515036
0.548277
0.510686
0.49702
0.558399
0.585432
0.524818
0.509263
0.578564
0.518823
0.599241
0.556634
0.507063
0.496301
0.553723
0.439513
0.488482
0.554014
0.473527
0.459812
0.614225
0.495512
0.542686
0.498834
0.558437
0.486553
0.489907
0.512771
0.515887
0.575311
0.597384
0.453959
0.534806
0.487581
0.460117
0.525801
0.573651
0.534076
0.599018
0.516347
0.512875
0.558328
0.58197
0.512199
0.457684
0.475921
0.477589
0.546595
0.433215
0.583195
0.625025
0.596076
0.456204
0.555553
0.583796
0.511588
0.613168
0.529147
0.56067
0.617467
0.463047
0.567974
0.615726
0.454561
0.562241
0.49166
0.548737
0.462532
0.578226
0.568614
0.549187
0.519903
0.590216
0.553064
0.62053
0.555513
0.4755
0.486733
0.451798
0.504085
0.403673
0.523855
0.600521
0.580518
0.527003
0.538014
0.631812
0.567572
0.490865
0.527318
0.560389
0.557018
0.527386
0.451418
0.466234
0.541056
0.532365
0.527184
0.570735
0.564698
0.403803
0.440982
0.483365
0.493636
0.51928
0.529143
0.509318
0.452289
0.480068
0.434466
0.464912
0.579306
0.468996
0.538476
0.513285
0.520522
0.411503
0.561337
0.562085
0.504429
0.540867
0.573207
0.523251
0.543216
0.39481
0.552452
0.518907
0.520854
0.52254
0.465639
0.484292
0.505599
0.552207
0.521711
0.617438
0.543764
0.505058
0.516443
0.55358
0.546217
0.481035
0.572359
0.570743
0.518034
0.521353
0.53996
0.489952
0.52635
0.543451
0.487577
0.467885
0.49488
0.470733
0.439223
0.511973
0.544697
0.490554
0.568098
0.562149
0.534943
0.60228
0.449737
0.447714
0.534426
0.566042
0.513665
0.553183
0.556226
0.521179
0.563192
0.525908
0.521888
0.470221
0.505318
0.510904
0.524162
0.511198
0.531167
0.512076
0.574349
0.536637
0.527329
0.513064
0.495954
0.498057
0.524957
0.530345
0.588156
0.500931
0.500272
0.567719
0.497559
0.548193
0.490152
0.492376
0.495232
0.535499
0.585179
0.529444
0.494399
0.50717
0.557691
0.538003
0.54129
0.569268
0.517835
0.620289
0.537982
0.539822
0.492097
0.456492
0.531972
0.572559
0.495328
0.474673
0.495792
0.469178
0.510438
0.554206
0.534896
0.549103
0.569546
0.577623
0.577316
0.505911
0.491265
0.480254
0.518216
0.534673
0.543907
0.594703
0.531523
0.535944
0.534265
0.533988
0.502793
0.436691
0.478618
0.524952
0.526473
0.44863
0.528259
0.590998
0.585348
0.46654
0.55575
0.594335
0.554034
0.520032
0.574032
0.604777
0.556297
0.474116
0.583562
0.585259
0.519762
0.591927
0.463414
0.519858
0.475013
0.562567
0.651114
0.50943
0.524209
0.605241
0.560893
0.584879
0.545963
0.490544
0.538147
0.539544
0.486914
0.541437
0.480658
0.497144
0.476405
0.562658
0.524164
0.519457
0.4933
0.517641
0.471608
0.564589
0.477057
0.528013
0.570638
0.565017
0.502807
0.594434
0.505958
0.596073
0.549209
0.496185
0.522423
0.582939
0.521574
0.473862
0.563708
0.504035
0.510726
0.473155
0.487204
0.455429
0.548781
0.446438
0.54434
0.576322
0.552988
0.39961
0.549782
0.605525
0.568097
0.523957
0.587018
0.580622
0.53561
0.504567
0.543732
0.560325
0.494218
0.562006
0.508251
0.518162
0.467518
0.564791
0.569782
0.606003
0.510095
0.524798
0.52574
0.506237
0.57656
0.444958
0.413976
0.4527
0.544616
0.410095
0.523814
0.518258
0.578224
0.413799
0.568193
0.592733
0.518585
0.533886
0.57071
0.523032
0.561412
0.404064
0.40942
0.4682
0.535392
0.512466
0.499161
0.495467
0.518967
0.389758
0.461717
0.492632
0.57065
0.404882
0.464794
0.432183
0.460849
0.442072
0.460848
0.383226
0.478798
0.354245
0.463959
0.494056
0.504628
0.360478
0.515439
0.45392
0.545448
0.402205
0.492689
0.447991
0.456912
0.392414
0.409979
0.423616
0.542321
0.444569
0.605405
0.533454
0.567627
0.418451
0.520221
0.448246
0.596172
0.424348
0.470459
0.40863
0.483642
0.371061
0.513231
0.413148
0.542517
0.442316
0.588691
0.557547
0.580648
0.469825
0.566736
0.572815
0.573095
0.575087
0.618035
0.578819
0.553303
0.49058
0.519349
0.447172
0.556422
0.46523
0.572284
0.548905
0.527641
0.483147
0.438692
0.426957
0.552843
0.414855
0.470614
0.409765
0.472333
0.369063
0.47555
0.479701
0.548585
0.447929
0.589204
0.541414
0.603741
0.451579
0.584734
0.579619
0.51344
0.537469
0.553163
0.588389
0.613281
0.539346
0.588896
0.545787
0.458294
0.558654
0.538581
0.565749
0.544961
0.561855
0.556074
0.609308
0.459801
0.552224
0.576729
0.530869
0.536247
0.482729
0.453916
0.472676
0.635445
0.460276
0.52339
0.645342
0.545639
0.522581
0.616069
0.586078
0.516253
0.555554
0.539812
0.617397
0.558064
0.4901
0.478557
0.442965
0.584614
0.512769
0.588539
0.552111
0.592713
0.539288
0.482205
0.542143
0.598557
0.420137
0.495645
0.545016
0.497476
0.462103
0.452705
0.493348
0.506519
0.429702
0.560884
0.526137
0.529037
0.430046
0.554801
0.545721
0.494823
0.524902
0.569169
0.549989
0.51252
0.464698
0.558421
0.49642
0.490334
0.512245
0.439306
0.507348
0.521526
0.505086
0.567513
0.623111
0.466646
0.56669
0.559489
0.561365
0.565642
0.469666
0.520648
0.527234
0.478547
0.53934
0.499561
0.505526
0.503116
0.506953
0.549108
0.559645
0.505694
0.518023
0.543838
0.509575
0.514761
0.556886
0.572808
0.531331
0.444764
0.529322
0.473309
0.469592
0.545731
0.542101
0.527618
0.512185
0.467482
0.522428
0.536522
0.564151
0.554843
0.447549
0.51491
0.423544
0.55708
0.430173
0.572142
0.555645
0.56724
0.471943
0.590358
0.584579
0.469239
0.538515
0.525407
0.561372
0.575826
0.464015
0.583356
0.523355
0.492718
0.507489
0.487332
0.518679
0.593169
0.517243
0.607314
0.591942
0.556709
0.509014
0.566909
0.519516
0.506449
0.432026
0.449304
0.377371
0.50728
0.393041
0.556406
0.539106
0.5828
0.494565
0.508897
0.557215
0.515291
0.526874
0.583763
0.459931
0.502388
0.440884
0.454843
0.399885
0.562285
0.394028
0.53527
0.524563
0.524675
0.383336
0.46684
0.50467
0.535296
0.371358
0.485996
0.432027
0.447442
0.432692
0.358754
0.382255
0.458147
0.374848
0.459496
0.426568
0.487091
0.357311
0.420544
0.436592
0.523268
0.414287
0.461672
0.451935
0.438334
0.364443
0.420943
0.403985
0.490103
0.43102
0.540929
0.498854
0.550788
0.474559
0.426052
0.45584
0.537571
0.466335
0.440461
0.398033
0.397763
0.353441
0.46539
0.437574
0.547621
0.43052
0.57279
0.581267
0.58102
0.515166
0.560974
0.606569
0.563863
0.529586
0.551386
0.55311
0.4892
0.453229
0.463087
0.451253
0.611168
0.480009
0.536205
0.560377
0.574419
0.495295
0.425776
0.528556
0.520173
0.488281
0.507507
0.399461
0.536717
0.456042
0.475048
0.39621
0.552817
0.392999
0.518374
0.549696
0.583396
0.48612
0.554418
0.576455
0.519015
0.496748
0.565444
0.544056
0.548394
0.441992
0.558679
0.539207
0.507778
0.537848
0.566895
0.522404
0.515792
0.514707
0.541339
0.594441
0.429958
0.542311
0.500665
0.516191
0.528987
0.445103
0.463351
0.449131
0.539656
0.463654
0.594082
0.564855
0.594055
0.520556
0.554494
0.566125
0.527577
0.533603
0.566254
0.533144
0.528898
0.446087
0.430009
0.438282
0.552073
0.512893
0.531239
0.534259
0.525391
0.417125
0.435294
0.448063
0.549577
0.382722
0.503486
0.403122
0.436867
0.437757
0.390574
0.395911
0.396405
0.391487
0.453612
0.410394
0.453016
0.381543
0.440852
0.481538
0.538862
0.464297
0.464782
0.468455
0.428571
0.359593
0.451036
0.452052
0.574135
0.514127
0.624644
0.473052
0.542397
0.462738
0.488427
0.516728
0.569587
0.516065
0.52502
0.526379
0.40773
0.474005
0.409383
0.404893
0.518435
0.493471
0.563908
0.531957
0.56736
0.464111
0.524835
0.510667
0.536336
0.571023
0.532588
0.537905
0.511039
0.407675
0.427577
0.479912
0.543819
0.490795
0.52288
0.522769
0.499815
0.470695
0.39065
0.505143
0.526752
0.429093
0.417731
0.380804
0.383287
0.451457
0.366701
0.379861
0.410563
0.389088
0.424323
0.476503
0.455918
0.36681
0.446753
0.526046
0.475939
0.463595
0.481324
0.489455
0.500328
0.474335
0.423104
0.464167
0.500193
0.464999
0.477952
0.512978
0.473889
0.473924
0.459967
0.484282
0.520143
0.44226
0.484628
0.411589
0.365011
0.419335
0.352464
0.357124
0.445002
0.374173
0.502948
0.457879
0.479129
0.461945
0.508394
0.44711
0.545719
0.428543
0.491981
0.436649
0.416443
0.43365
0.363792
0.348826
0.459066
0.463627
0.436749
0.429399
0.433319
0.44106
0.335658
0.474966
0.424748
0.427528
0.469939
0.440777
0.427911
0.315483
